   Current data set:
   NAME =	28_Adilakshmi	EXPNO =	3	PROCNO = 1
   DU   =	F:/Sachinbdvt/data/15_Feb/nmr

   Number   Integrated Region     Integral
     1      8.167      8.114         1.00000
     2      8.109      8.083         0.13589
     3      7.545      7.510         0.17554
     4      7.319      7.282         0.17575
     5      7.261      7.257         0.26060
     6      7.002      6.939         1.10927
     7      4.306      4.252         0.53074
     8      4.077      4.015         1.16301
     9      1.877      1.705         1.75195
    10      1.527      1.379         3.05134
    11      1.355      1.202         4.28845
    12      0.925      0.836         0.74343
