##TITLE= Parameter file, TOPSPIN		Version 3.2
##JCAMPDX= 5.0
##DATATYPE= Parameter Values
##NPOINTS= 23524	$$ modification sequence number
##ORIGIN= Bruker BioSpin GmbH
##OWNER= nmrsu
$$ 2018-08-22 18:47:00.363 +0200  nsp@av800
$$ /opt/topspin3.2/conf/instr/spect/specpar
$$ process /opt/topspin3.2/prog/mod/cprserver
##$ANCIEN= (0..7)
0 0 0 0 0 0 0 0
##$BF1= 100.13
##$BF2= 100.13
##$BF3= 100.13
##$DEC= 1
##$DECB= 1
##$DEF19F= yes
##$DEFRSEL= yes
##$HPMOD= (0..7)
0 0 0 0 0 0 0 0
##$HPPRECH= (0..15)
-1 -1 -1 -1 -1 -1 -1 -1 -1 -1 -1 -1 -1 -1 -1 -1
##$LOCSW19F= -1
##$LOCSW2H= -1
##$NUC1= 1
##$NUC2= 0
##$NUC3= 0
##$NUC4= 0
##$NUC5= 0
##$NUC6= 0
##$NUC7= 0
##$NUC8= 0
##$NUCARR= (0..123)
800.2 800.2 122.835572 853.52512 609.587855 117.75812 310.988104 112.442608
85.970751 256.73596 201.21045 57.805528 81.083562 108.478769 752.940276
63.170157 211.668104 48.985323 208.506986 158.97723 323.926897 61.423352
78.402868 65.262111 37.340317 20.495563 53.853692 194.382559 45.111547
45.123574 79.782413 210.47619 45.231273 198.363322 25.9087 189.864046 71.50628
212.176815 227.286351 50.066938 192.058835 244.034625 27.913497 137.015157
152.610247 41.752211 200.481948 216.106157 30.788495 77.258854 261.829073
34.679244 39.211384 74.388977 195.858312 52.148442 53.242867 180.111625
36.850418 41.301275 25.497949 36.617952 32.390648 37.237571 169.766271
177.589786 174.969772 175.344857 261.815429 285.129337 298.399637 191.492477
103.699654 209.410275 252.461252 160.099903 222.537108 65.967856 104.955368
79.495525 88.92565 105.580789 113.033379 245.02124 43.6109 26.88672 33.36834
27.52688 198.92972 87.86196 24.56614 32.24806 192.36808 27.52688 38.56964
170.76268 23.04576 66.33658 140.029447 38.577642 91.254808 65.064262 32.064014
20.141034 95.940779 33.339429 180.241849 182.058303 18.263213 62.138731
13.747436 14.971742 172.017266 13.835458 143.322398 52.905887 457.099846
461.586072 167.406633 128.586443 14.734883 100 100 100
##$OBS= 1
##$OFFSF= (0..7)
0 0 0 0 0 0 0 0
##$OFFSH= (0..7)
3200.79999994505 4068.99999995858 4.99999998737621 0 0 0 0 0
##$OFFSX= (0..7)
20120.0999999855 8108.39999999757 893.099999998981 0 0 0 0 0
##$OFFSXAS= (0..7)
0 0 0 0 0 0 0 0
##$OFSF1= 0
##$OFSF2= 0
##$OFSH1= 0
##$OFSH2= 0
##$OFSH3= 0
##$OFSX1= 0
##$OFSX2= 0
##$OFSY= 0
##$PACOIL= (0..15)
0 0 0 0 0 0 0 0 0 0 0 0 0 0 0 0
##$PRECHAN= (0..15)
-1 2 0 1 4 3 -1 -1 -1 -1 -1 -1 -1 -1 -1 -1
##$RECPRE= (0..15)
-1 4 0 -1 -1 -1 -1 -1 -1 -1 -1 -1 -1 -1 -1 -1
##$RECSEL= (0..15)
0 1 2 2 2 0 0 0 0 0 0 0 0 0 0 0
##$SELREC= (0..9)
0 0 0 0 0 0 0 0 0 0
##$SFO1= 800.203201
##$SFO2= 800.2
##$SFO3= 800.2
##$SFO4= 800.2
##$SFO5= 800.22012
##$SFO6= 800.22012
##$SFO7= 800.22012
##$SFO8= 800.22012
##$TY= (0..123)
0 0 0 0 0 0 0 0 0 0 0 0 0 0 0 0 0 0 0 0 0 0 0 0 0 0 0 0 0 0 0 0 0 0 0 0
0 0 0 0 0 0 0 0 0 0 0 0 0 0 0 0 0 0 0 0 0 0 0 0 0 0 0 0 0 0 0 0 0 0 0 0
0 0 0 0 0 0 0 0 0 0 0 0 0 0 0 0 0 0 0 0 0 0 0 0 0 0 0 0 0 0 0 0 0 0 0 0
0 0 0 0 0 0 0 0 0 0 0 0 0 0 0 0
##END=
