##TITLE= Parameter file, TopSpin 4.0.5
##JCAMPDX= 5.0
##DATATYPE= Parameter Values
##NPOINTS= 2	$$ modification sequence number
##ORIGIN= Bruker BioSpin GmbH
##OWNER= hsa
$$ 2018-09-24 13:26:38.402 +0530  Kiran Kumar@DESKTOP-JMEOEMN
$$ G:\Kiran/Kiran_PEP01_800/158/pdata/1/clevels
$$ process C:\Bruker\TopSpin4.0.5\prog\mod\proc2d.exe
##$LEVELS= (0..255)
115780 -115780 156553.42 -156553.42 211685.74 -211685.74 286233.63 -286233.63
387034.51 -387034.51 523333.74 -523333.74 707632.5 -707632.5 956834.47
-956834.47 1293796.14 -1293796.14 1749423.23 -1749423.23 2365505.31 -2365505.31
3198548.69 -3198548.69 4324959.1 -4324959.1 5848049.55 -5848049.55 7907516.05
-7907516.05 10692250.39 -10692250.39 14457665.05 -14457665.05 19549119.31
-19549119.31 26433595.24 -26433595.24 35742528.65 -35742528.65 48329723.71
-48329723.71 65349662.77 -65349662.77 88363394.11 -88363394.11 119481709.45
-119481709.45 161558743.14 -161558743.14 218453749.99 -218453749.99 295385071.45
-295385071.45 399408755.58 -399408755.58 540065729.29 -540065729.29 730256880.65
-730256880.65 987426312.78 -987426312.78 1335161296 -1335161296 0 0 0 0
0 0 0 0 0 0 0 0 0 0 0 0 0 0 0 0 0 0 0 0 0 0 0 0 0 0 0 0 0 0 0 0 0 0 0 0
0 0 0 0 0 0 0 0 0 0 0 0 0 0 0 0 0 0 0 0 0 0 0 0 0 0 0 0 0 0 0 0 0 0 0 0
0 0 0 0 0 0 0 0 0 0 0 0 0 0 0 0 0 0 0 0 0 0 0 0 0 0 0 0 0 0 0 0 0 0 0 0
0 0 0 0 0 0 0 0 0 0 0 0 0 0 0 0 0 0 0 0 0 0 0 0 0 0 0 0 0 0 0 0 0 0 0 0
0 0 0 0 0 0 0 0 0 0 0 0 0 0 0 0 0 0 0 0 0 0 0 0 0 0 0 0 0 0 0 0 0 0 0 0
0 0 0 0 0 0 0 0
##$LEVSIGN= 3
##$MAXLEV= 32
##$METHOD= 0
##$NEGBASE= -115780
##$NEGINCR= 1.8
##$POSBASE= 115780
##$POSINCR= 1.8
##END=
